-0.461
-0.469
-0.454
-0.499
-0.442
-0.464
-0.439
-0.412
-0.435
-0.420
-0.427
-0.475
-0.521
-0.472
-0.477
-0.410
-0.427
-0.434
-0.406
-0.427
-0.428
-0.435
-0.432
-0.441
-0.446
-0.479
-0.461
-0.449
-0.473
-0.471
-0.466
-0.448
-0.470
-0.487
-0.470
-0.459
-0.454
-0.427
-0.441
-0.482
-0.470
-0.463
-0.438
-0.406
-0.430
-0.402
-0.467
-0.448
-0.452
-0.496
-0.467
-0.443
-0.448
-0.465
-0.447
-0.475
-0.481
-0.446
-0.460
-0.507
-0.469
-0.489
-0.449
-0.478
-0.473
-0.464
-0.460
-0.406
-0.441
-0.461
-0.479
-0.418
-0.414
-0.434
-0.434
-0.434
-0.382
-0.459
-0.447
-0.447
-0.452
-0.481
-0.495
-0.497
-0.537
-0.448
-0.426
-0.472
-0.459
-0.453
-0.447
-0.482
-0.517
-0.501
-0.489
-0.469
-0.509
-0.483
-0.472
-0.406
-0.455
-0.488
-0.505
-0.482
-0.483
-0.448
-0.420
-0.427
-0.426
-0.454
-0.440
-0.467
-0.435
-0.411
-0.404
-0.436
-0.435
-0.449
-0.477
-0.447
-0.455
-0.489
-0.466
-0.421
-0.443
-0.463
-0.409
-0.467
-0.448
-0.471
-0.433
-0.453
-0.478
-0.438
-0.423
-0.448
-0.409
-0.445
-0.374
-0.432
-0.426
-0.403
-0.387
-0.417
-0.434
-0.376
-0.418
-0.432
-0.442
-0.398
-0.433
-0.439
-0.436
-0.406
-0.406
-0.433
-0.435
-0.424
-0.412
-0.430
-0.394
-0.430
-0.392
-0.397
-0.402
-0.410
-0.410
-0.434
-0.435
-0.455
-0.394
-0.411
-0.446
-0.417
-0.381
-0.394
-0.408
-0.429
-0.420
-0.405
-0.400
-0.392
-0.382
-0.392
-0.382
-0.410
-0.436
-0.391
-0.396
-0.421
-0.386
-0.369
-0.388
-0.403
-0.398
-0.397
-0.418
-0.414
-0.375
-0.415
-0.423
-0.421
-0.452
-0.426
-0.414
-0.440
-0.445
-0.446
-0.449
-0.424
-0.433
-0.440
-0.396
-0.386
-0.409
-0.349
-0.380
-0.420
-0.408
-0.363
-0.393
-0.357
-0.373
-0.373
-0.421
-0.384
-0.404
-0.423
-0.440
-0.384
-0.409
-0.424
-0.432
-0.404
-0.408
-0.424
-0.402
-0.402
-0.443
-0.464
-0.415
-0.430
-0.424
-0.412
-0.414
-0.432
-0.469
-0.433
-0.448
-0.399
-0.376
-0.394
-0.411
-0.390
-0.325
-0.385
-0.338
-0.360
-0.399
-0.421
-0.396
-0.404
-0.428
-0.436
-0.414
-0.416
-0.349
-0.400
-0.430
-0.435
-0.453
-0.406
-0.461
-0.472
-0.439
-0.466
-0.448
-0.418
-0.388
-0.366
-0.362
-0.381
-0.403
-0.416
-0.420
-0.460
-0.446
-0.417
-0.393
-0.406
-0.410
-0.387
-0.441
-0.466
-0.442
-0.436
-0.460
-0.426
-0.429
-0.390
-0.432
-0.391
-0.366
-0.359
-0.355
-0.357
-0.403
-0.406
-0.415
-0.461
-0.493
-0.436
-0.452
-0.418
-0.432
-0.428
-0.385
-0.410
-0.408
-0.443
-0.447
-0.449
-0.454
-0.435
-0.452
-0.423
-0.399
-0.396
-0.392
-0.388
-0.424
-0.432
-0.428
-0.454
-0.430
-0.435
-0.427
-0.420
-0.463
-0.412
-0.405
-0.439
-0.432
-0.424
-0.494
-0.487
-0.440
-0.473
-0.463
-0.466
-0.482
-0.415
-0.435
-0.403
-0.398
-0.399
-0.441
-0.451
-0.475
-0.464
-0.411
-0.379
-0.381
-0.347
-0.363
-0.380
-0.414
-0.424
-0.390
-0.400
-0.366
-0.424
-0.406
-0.385
-0.397
-0.397
-0.455
-0.399
-0.409
-0.421
-0.420
-0.408
-0.421
-0.398
-0.388
-0.422
-0.432
-0.481
-0.441
-0.416
-0.414
-0.464
-0.449
-0.423
-0.455
-0.441
-0.453
-0.427
-0.409
-0.426
-0.442
-0.426
-0.452
-0.491
-0.502
-0.496
-0.471
-0.471
-0.470
-0.438
-0.423
-0.466
-0.473
-0.506
-0.511
-0.536
-0.458
-0.526
-0.429
-0.453
-0.454
-0.441
-0.438
-0.479
-0.443
-0.482
-0.458
-0.406
-0.438
-0.427
-0.410
-0.445
-0.442
-0.428
-0.442
-0.381
-0.406
-0.408
-0.386
-0.369
-0.388
-0.372
-0.373
-0.368
-0.385
-0.435
-0.432
-0.442
-0.430
-0.421
-0.418
-0.402
-0.391
-0.421
-0.404
-0.472
-0.424
-0.430
-0.417
-0.451
-0.455
-0.447
-0.426
-0.426
-0.402
-0.400
-0.394
-0.393
-0.406
-0.438
-0.441
-0.454
-0.446
-0.467
-0.441
-0.412
-0.445
-0.399
-0.427
-0.436
-0.475
-0.422
-0.403
-0.434
-0.438
-0.478
-0.494
-0.475
-0.457
-0.446
-0.434
-0.372
-0.396
-0.451
-0.465
-0.417
-0.424
-0.410
-0.392
-0.416
-0.420
-0.399
-0.380
-0.361
-0.417
-0.415
-0.405
-0.392
-0.373
-0.403
-0.397
-0.400
-0.416
-0.382
-0.415
-0.397
-0.393
-0.393
-0.415
-0.406
-0.372
-0.396
-0.420
-0.441
-0.408
-0.458
-0.460
-0.415
-0.392
-0.349
-0.387
-0.373
-0.399
-0.423
-0.390
-0.414
-0.430
-0.405
-0.408
-0.454
-0.396
-0.408
-0.418
-0.441
-0.420
-0.380
-0.403
-0.387
-0.400
-0.421
-0.430
-0.416
-0.398
-0.408
-0.426
-0.403
-0.453
-0.434
-0.402
-0.464
-0.458
-0.408
-0.435
-0.430
-0.424
-0.466
-0.433
-0.410
-0.412
-0.411
-0.418
-0.422
-0.428
-0.410
-0.421
-0.429
-0.423
-0.428
-0.423
-0.411
-0.438
-0.440
-0.477
-0.434
-0.411
-0.434
-0.427
-0.433
-0.436
-0.394
-0.445
-0.402
-0.398
-0.416
-0.414
-0.454
-0.394
-0.367
-0.422
-0.406
-0.416
-0.424
-0.423
-0.426
-0.429
-0.436
-0.424
-0.412
-0.422
-0.436
-0.414
-0.441
-0.430
-0.451
-0.404
-0.455
-0.408
-0.432
-0.461
-0.433
-0.446
-0.448
-0.441
-0.427
-0.442
-0.452
-0.460
-0.422
-0.396
-0.414
-0.433
-0.440
-0.449
-0.426
-0.422
-0.461
-0.432
-0.430
-0.416
-0.434
-0.448
-0.430
-0.411
-0.439
-0.458
-0.443
-0.420
-0.417
-0.455
-0.433
-0.408
-0.415
-0.458
-0.464
-0.420
-0.432
-0.429
-0.447
-0.455
-0.449
-0.464
-0.423
-0.416
-0.442
-0.465
-0.458
-0.427
-0.441
-0.430
-0.426
-0.433
-0.412
-0.452
-0.408
-0.417
-0.422
-0.435
-0.388
-0.415
-0.402
-0.412
-0.396
-0.414
-0.411
-0.427
-0.420
-0.406
-0.391
-0.434
-0.410
-0.410
-0.436
-0.433
-0.417
-0.373
-0.422
-0.424
-0.386
-0.445
-0.416
-0.442
-0.423
-0.458
-0.447
-0.396
-0.423
-0.426
-0.461
-0.400
-0.460
-0.441
-0.411
-0.422
-0.384
-0.435
-0.415
-0.460
-0.393
-0.422
-0.412
-0.481
-0.441
-0.415
-0.412
-0.369
-0.403
-0.396
-0.400
-0.400
-0.375
-0.429
-0.426
-0.433
-0.404
-0.432
-0.411
-0.424
-0.374
-0.366
-0.384
-0.373
-0.421
-0.405
-0.396
-0.398
-0.420
-0.435
-0.439
-0.451
-0.440
-0.421
-0.410
-0.408
-0.430
-0.438
-0.420
-0.424
-0.439
-0.439
-0.461
-0.428
-0.370
-0.438
-0.440
-0.477
-0.441
-0.451
-0.464
-0.464
-0.417
-0.447
-0.426
-0.441
-0.448
-0.472
-0.453
-0.473
-0.453
-0.438
-0.415
-0.418
-0.445
-0.465
-0.442
-0.481
-0.463
-0.449
-0.464
-0.442
-0.443
-0.426
-0.439
-0.438
-0.447
-0.457
-0.469
-0.435
-0.446
-0.411
-0.421
-0.409
-0.416
-0.438
-0.403
-0.423
-0.433
-0.424
-0.432
-0.435
-0.442
-0.436
-0.436
-0.417
-0.454
-0.415
-0.458
-0.454
-0.440
-0.440
-0.434
-0.455
-0.457
-0.473
-0.441
-0.445
-0.435
-0.453
-0.428
-0.430
-0.451
-0.436
-0.441
-0.433
-0.411
-0.423
-0.406
-0.458
-0.447
-0.439
-0.465
-0.430
-0.443
-0.422
-0.451
-0.479
-0.427
-0.409
-0.443
-0.441
-0.430
-0.467
-0.460
-0.440
-0.452
-0.448
-0.427
-0.440
-0.380
-0.400
-0.434
-0.427
-0.463
-0.428
-0.433
-0.405
-0.392
-0.400
-0.406
-0.482
-0.440
-0.463
-0.455
-0.418
-0.429
-0.410
-0.434
-0.470
-0.405
-0.445
-0.418
-0.426
-0.397
-0.378
-0.411
-0.406
-0.432
-0.434
-0.429
-0.411
-0.436
-0.455
-0.452
-0.438
-0.461
-0.436
-0.435
-0.442
-0.464
-0.394
-0.397
-0.418
-0.414
-0.447
-0.441
-0.426
-0.415
-0.421
-0.403
-0.405
-0.402
-0.414
-0.452
-0.439
-0.436
-0.454
-0.435
-0.403
-0.412
-0.430
-0.430
-0.405
-0.417
-0.417
-0.418
-0.421
-0.421
-0.438
-0.441
-0.455
-0.416
-0.405
-0.433
-0.428
-0.426
-0.420
-0.429
-0.469
-0.464
-0.484
-0.405
-0.429
-0.416
-0.414
-0.447
-0.439
-0.440
-0.452
-0.454
-0.438
-0.441
-0.439
-0.412
-0.434
-0.455
-0.436
-0.420
-0.424
-0.415
-0.386
-0.400
-0.427
-0.424
-0.399
-0.442
-0.421
-0.423
-0.443
-0.458
-0.435
-0.445
-0.440
-0.432
-0.432
-0.448
-0.453
-0.465
-0.439
-0.494
-0.451
-0.466
-0.449
-0.464
-0.428
-0.422
-0.428
-0.445
-0.453
-0.476
-0.488
-0.487
-0.500
-0.454
-0.478
-0.435
-0.422
-0.453
-0.475
-0.464
-0.471
-0.477
-0.464
-0.417
-0.452
-0.443
-0.447
-0.443
-0.443
-0.427
-0.433
-0.442
-0.472
-0.464
-0.455
-0.434
-0.452
-0.438
-0.442
-0.421
-0.454
-0.485
-0.485
-0.476
-0.475
-0.472
-0.420
-0.384
-0.411
-0.445
-0.464
-0.469
-0.515
-0.448
-0.441
-0.459
-0.420
-0.423
-0.420
-0.439
-0.446
-0.458
-0.433
-0.441
-0.445
-0.454
-0.435
-0.458
-0.420
-0.399
-0.390
-0.384
-0.364
-0.374
-0.408
-0.414
-0.491
-0.445
-0.455
-0.448
-0.432
-0.399
-0.393
-0.412
-0.402
-0.460
-0.394
-0.408
-0.375
-0.364
-0.400
-0.430
-0.453
-0.420
-0.398
-0.372
-0.430
-0.391
-0.376
-0.409
-0.423
-0.410
-0.435
-0.489
-0.500
-0.448
-0.436
-0.415
-0.386
-0.382
-0.357
-0.414
-0.403
-0.417
-0.420
-0.406
-0.354
-0.360
-0.366
-0.368
-0.373
-0.432
-0.441
-0.396
-0.415
-0.385
-0.349
-0.386
-0.423
-0.387
-0.385
-0.384
-0.396
-0.440
-0.420
-0.454
-0.503
-0.478
-0.460
-0.433
-0.343
-0.354
-0.367
-0.410
-0.416
-0.464
-0.454
-0.429
-0.430
-0.415
-0.430
-0.394
-0.388
-0.412
-0.420
-0.427
-0.446
-0.439
-0.436
-0.461
-0.445
-0.472
-0.417
-0.445
-0.438
-0.393
-0.381
-0.399
-0.410
-0.433
-0.424
-0.454
-0.403
-0.434
-0.443
-0.461
-0.406
-0.393
-0.416
-0.460
-0.477
-0.484
-0.464
-0.452
-0.426
-0.430
-0.387
-0.434
-0.433
-0.443
-0.447
-0.459
-0.452
-0.459
-0.441
-0.490
-0.436
-0.434
-0.434
-0.458
-0.453
-0.427
-0.433
-0.482
-0.445
-0.430
-0.422
-0.398
-0.438
-0.479
-0.464
-0.482
-0.471
-0.491
-0.459
-0.463
-0.452
-0.432
-0.432
-0.454
-0.433
-0.440
-0.446
-0.449
-0.472
-0.461
-0.429
-0.443
-0.424
-0.470
-0.442
-0.438
-0.454
-0.475
-0.471
-0.435
-0.458
-0.428
-0.502
-0.453
-0.429
-0.442
-0.461
-0.442
-0.426
-0.412
-0.451
-0.442
-0.453
-0.433
-0.404
-0.418
-0.404
-0.429
-0.458
-0.432
-0.464
-0.470
-0.455
-0.485
-0.478
-0.461
-0.438
-0.449
-0.435
-0.448
-0.469
-0.470
-0.449
-0.454
-0.446
-0.464
-0.452
-0.406
-0.459
-0.443
-0.452
-0.422
-0.435
-0.427
-0.384
-0.435
-0.427
-0.452
-0.406
-0.420
-0.398
-0.378
-0.374
-0.422
-0.416
-0.418
-0.422
-0.403
-0.406
-0.422
-0.396
-0.398
-0.397
-0.426
-0.436
-0.438
-0.443
-0.415
-0.408
-0.402
-0.351
-0.406
-0.396
-0.399
-0.422
-0.388
-0.411
-0.404
-0.408
-0.375
-0.378
-0.400
-0.441
-0.439
-0.402
-0.446
-0.426
-0.430
-0.374
-0.402
-0.396
-0.418
-0.381
-0.392
-0.384
-0.420
-0.432
-0.418
-0.397
-0.391
-0.373
-0.373
-0.397
-0.428
-0.434
-0.449
-0.433
-0.433
-0.412
-0.440
-0.405
-0.410
-0.406
-0.423
-0.427
-0.382
-0.433
-0.388
-0.390
-0.417
-0.399
-0.434
-0.414
-0.415
-0.384
-0.423
-0.414
-0.390
-0.394
-0.439
-0.390
-0.418
-0.417
-0.430
-0.391
-0.393
-0.374
-0.399
-0.406
-0.430
-0.404
-0.408
-0.421
-0.464
-0.433
-0.412
-0.410
-0.421
-0.390
-0.398
-0.393
-0.398
-0.440
-0.427
-0.461
-0.463
-0.453
-0.438
-0.416
-0.379
-0.408
-0.397
-0.393
-0.422
-0.465
-0.421
-0.396
-0.370
-0.379
-0.385
-0.364
-0.411
-0.439
-0.471
-0.443
-0.455
-0.432
-0.447
-0.404
-0.388
-0.360
-0.417
-0.460
-0.483
-0.494
-0.472
-0.470
-0.436
-0.442
-0.427
-0.405
-0.428
-0.421
-0.411
-0.460
-0.483
-0.472
-0.432
-0.464
-0.405
-0.485
-0.471
-0.467
-0.459
-0.418
-0.427
-0.414
-0.430
-0.436
-0.424
-0.410
-0.423
-0.446
-0.455
-0.416
-0.463
-0.447
-0.460
-0.465
-0.482
-0.471
-0.473
-0.464
-0.463
-0.485
-0.475
-0.485
-0.497
-0.495
-0.506
-0.479
-0.497
-0.460
-0.451
-0.472
-0.461
-0.483
-0.472
-0.469
-0.473
-0.449
-0.479
-0.441
-0.422
-0.457
-0.464
-0.451
-0.449
-0.439
-0.466
-0.432
-0.402
-0.430
-0.390
-0.382
-0.435
-0.477
-0.490
-0.519
-0.479
-0.481
-0.406
-0.390
-0.404
-0.412
-0.423
-0.439
-0.481
-0.447
-0.447
-0.429
-0.426
-0.449
-0.465
-0.448
-0.451
-0.454
-0.472
-0.497
-0.446
-0.467
-0.491
-0.467
-0.452
-0.452
-0.465
-0.417
-0.433
-0.396
-0.423
-0.433
-0.491
-0.470
-0.461
-0.440
-0.452
-0.455
-0.452
-0.441
-0.424
-0.418
-0.432
-0.461
-0.424
-0.424
-0.430
-0.477
-0.460
-0.439
-0.455
-0.454
-0.375
-0.459
-0.384
-0.396
-0.392
-0.428
-0.412
-0.408
-0.391
-0.440
-0.409
-0.396
-0.385
-0.394
-0.421
-0.393
-0.435
-0.451
-0.428
-0.399
-0.434
-0.447
-0.414
-0.374
-0.394
-0.406
-0.387
-0.370
-0.402
-0.429
-0.452
-0.428
-0.369
-0.349
-0.336
-0.362
-0.427
-0.382
-0.411
-0.399
-0.369
-0.404
-0.391
-0.400
-0.373
-0.391
-0.385
-0.390
-0.356
-0.405
-0.420
-0.378
-0.402
-0.418
-0.434
-0.408
-0.380
-0.403
-0.343
-0.363
-0.335
-0.364
-0.398
-0.375
-0.398
-0.440
-0.427
-0.405
-0.446
-0.382
-0.399
-0.400
-0.385
-0.416
-0.376
-0.408
-0.370
-0.439
-0.408
-0.384
-0.415
-0.446
-0.428
-0.415
-0.399
-0.392
-0.422
-0.417
-0.397
-0.396
-0.433
-0.427
-0.423
-0.440
-0.430
-0.417
-0.418
-0.446
-0.443
-0.422
-0.422
-0.408
-0.477
-0.409
-0.427
-0.461
-0.445
-0.411
-0.424
-0.414
-0.433
-0.384
-0.485
-0.479
-0.443
-0.438
-0.427
-0.423
-0.405
-0.420
-0.446
-0.408
-0.438
-0.494
-0.446
-0.433
-0.463
-0.393
-0.387
-0.411
-0.402
-0.402
-0.415
-0.428
-0.414
-0.443
-0.427
-0.448
-0.446
-0.473
-0.417
-0.416
-0.472
-0.443
-0.460
-0.464
-0.449
-0.476
-0.426
-0.440
-0.451
-0.408
-0.477
-0.426
-0.422
-0.408
-0.457
-0.439
-0.393
-0.396
-0.416
-0.418
-0.461
-0.458
-0.422
-0.430
-0.420
-0.454
-0.477
-0.429
-0.433
-0.430
-0.414
-0.384
-0.408
-0.451
-0.408
-0.428
-0.433
-0.449
-0.436
-0.440
-0.416
-0.403
-0.386
-0.428
-0.422
-0.440
-0.411
-0.398
-0.423
-0.442
-0.392
-0.406
-0.423
-0.426
-0.433
-0.424
-0.423
-0.418
-0.432
-0.430
-0.433
-0.439
-0.446
-0.460
-0.481
-0.429
-0.420
-0.386
-0.415
-0.411
-0.440
-0.432
-0.488
-0.464
-0.433
-0.415
-0.446
-0.423
-0.442
-0.402
-0.434
-0.458
-0.427
-0.430
-0.459
-0.415
-0.434
-0.470
-0.386
-0.422
-0.382
-0.396
-0.442
-0.414
-0.454
-0.457
-0.465
-0.454
-0.441
-0.418
-0.409
-0.391
-0.417
-0.415
-0.446
-0.429
-0.441
-0.441
-0.430
-0.405
-0.426
-0.438
-0.408
-0.405
-0.422
-0.403
-0.374
-0.420
-0.398
-0.397
-0.420
-0.438
-0.445
-0.440
-0.410
-0.455
-0.391
-0.442
-0.469
-0.391
-0.448
-0.424
-0.453
-0.446
-0.428
-0.436
-0.447
-0.409
-0.442
-0.435
-0.423
-0.438
-0.443
-0.441
-0.433
-0.443
-0.434
-0.428
-0.420
-0.427
-0.449
-0.434
-0.420
-0.471
-0.440
-0.448
-0.441
-0.482
-0.461
-0.442
-0.428
-0.472
-0.424
-0.445
-0.424
-0.451
-0.488
-0.481
-0.449
-0.446
-0.445
-0.415
-0.426
-0.473
-0.443
-0.429
-0.443
-0.438
-0.473
-0.432
-0.465
-0.454
-0.469
-0.463
-0.440
-0.412
-0.426
-0.416
-0.440
-0.445
-0.454
-0.472
-0.439
-0.414
-0.417
-0.439
-0.430
-0.393
-0.452
-0.452
-0.443
-0.399
-0.415
-0.459
-0.433
-0.421
-0.409
-0.460
-0.453
-0.457
-0.412
-0.481
-0.424
-0.481
-0.442
-0.428
-0.433
-0.440
-0.477
-0.432
-0.453
-0.459
-0.394
-0.432
-0.433
-0.429
-0.408
-0.409
-0.420
-0.441
-0.443
-0.442
-0.414
-0.443
-0.398
-0.452
-0.427
-0.436
-0.428
-0.421
-0.400
-0.411
-0.423
-0.403
-0.449
-0.436
-0.399
-0.435
-0.423
-0.364
-0.435
-0.428
-0.404
-0.461
-0.433
-0.415
-0.388
-0.404
-0.424
-0.418
-0.403
-0.434
-0.428
-0.438
-0.439
-0.433
-0.414
-0.404
-0.432
-0.453
-0.466
-0.465
-0.428
-0.412
-0.412
-0.380
-0.400
-0.435
-0.415
-0.443
-0.458
-0.438
-0.436
-0.397
-0.411
-0.388
-0.430
-0.410
-0.409
-0.422
-0.399
-0.433
-0.447
-0.423
-0.428
-0.417
-0.399
-0.422
-0.421
-0.402
-0.406
-0.381
-0.412
-0.445
-0.430
-0.464
-0.453
-0.451
-0.432
-0.439
-0.430
-0.420
-0.418
-0.404
-0.384
-0.376
-0.432
-0.435
-0.449
-0.465
-0.453
-0.457
-0.417
-0.432
-0.430
-0.427
-0.442
-0.412
-0.408
-0.409
-0.403
-0.435
-0.436
-0.426
-0.405
-0.410
-0.459
-0.454
-0.406
-0.402
-0.397
-0.421
-0.402
-0.423
-0.435
-0.421
-0.445
-0.435
-0.483
-0.459
-0.487
-0.458
-0.461
-0.420
-0.433
-0.412
-0.453
-0.463
-0.502
-0.459
-0.469
-0.459
-0.478
-0.457
-0.452
-0.467
-0.453
-0.488
-0.449
-0.443
-0.461
-0.438
-0.464
-0.501
-0.493
-0.472
-0.434
-0.482
-0.459
-0.393
-0.460
-0.490
-0.481
-0.463
-0.453
-0.449
-0.443
-0.470
-0.501
-0.497
-0.453
-0.484
-0.489
-0.514
-0.461
-0.489
-0.502
-0.507
-0.488
-0.526
-0.500
-0.499
-0.511
-0.530
-0.500
-0.482
-0.455
-0.443
-0.458
-0.478
-0.490
-0.518
-0.506
-0.515
-0.495
-0.478
-0.483
-0.475
-0.483
-0.475
-0.467
-0.458
-0.503
-0.476
-0.502
-0.505
-0.540
-0.483
-0.502
-0.524
-0.484
-0.470
-0.506
-0.495
-0.483
-0.485
-0.538
-0.536
-0.546
-0.505
-0.532
-0.517
-0.478
-0.517
-0.483
-0.478
-0.475
-0.508
-0.514
-0.540
-0.508
-0.522
-0.514
-0.494
-0.499
-0.514
-0.499
-0.520
-0.477
-0.502
-0.493
-0.493
-0.537
-0.512
-0.506
-0.491
-0.506
-0.554
-0.488
-0.502
-0.494
-0.493
-0.506
-0.496
-0.503
-0.530
-0.471
-0.502
-0.496
-0.496
-0.493
-0.501
-0.503
-0.481
-0.500
-0.528
-0.500
-0.503
-0.482
-0.517
-0.539
-0.478
-0.511
-0.497
-0.470
-0.447
-0.473
-0.482
-0.489
-0.509
-0.489
-0.517
-0.483
-0.479
-0.534
-0.511
-0.445
-0.489
-0.491
-0.485
-0.465
-0.512
-0.531
-0.479
-0.489
-0.493
-0.503
-0.489
-0.507
-0.472
-0.496
-0.488
-0.479
-0.487
-0.476
-0.466
-0.471
-0.476
-0.497
-0.469
-0.473
-0.488
-0.476
-0.447
-0.513
-0.454
-0.439
-0.453
-0.471
-0.467
-0.495
-0.475
-0.477
-0.455
-0.491
-0.447
-0.457
-0.452
-0.443
-0.475
-0.487
-0.478
-0.495
-0.453
-0.477
-0.445
-0.485
-0.501
-0.470
-0.470
-0.495
-0.514
-0.460
-0.452
-0.478
-0.507
-0.470
-0.513
-0.507
-0.467
-0.476
-0.471
-0.451
-0.477
-0.446
-0.490
-0.490
-0.478
-0.471
-0.483
-0.473
-0.482
-0.487
-0.481
-0.477
-0.455
-0.472
-0.469
-0.423
-0.471
-0.440
-0.452
-0.455
-0.472
-0.472
-0.481
-0.461
-0.461
-0.430
-0.446
-0.495
-0.469
-0.469
-0.503
-0.457
-0.455
-0.432
-0.459
-0.451
-0.465
-0.464
-0.464
-0.439
-0.445
-0.455
-0.459
-0.458
-0.461
-0.466
-0.434
-0.461
-0.465
-0.473
-0.454
-0.443
-0.445
-0.477
-0.467
-0.473
-0.487
-0.471
-0.484
-0.441
-0.447
-0.432
-0.430
-0.465
-0.453
-0.479
-0.514
-0.548
-0.483
-0.487
-0.499
-0.460
-0.495
-0.532
-0.478
-0.494
-0.469
-0.449
-0.497
-0.487
-0.423
-0.497
-0.440
-0.478
-0.467
-0.483
-0.485
-0.466
-0.441
-0.478
-0.503
-0.483
-0.493
-0.495
-0.448
-0.432
-0.497
-0.466
-0.451
-0.515
-0.482
-0.483
-0.458
-0.466
-0.464
-0.466
-0.427
-0.438
-0.457
-0.472
-0.421
-0.465
-0.435
-0.435
-0.455
-0.460
-0.491
-0.509
-0.506
-0.491
-0.464
-0.461
-0.464
-0.454
-0.455
-0.463
-0.457
-0.446
-0.459
-0.455
-0.472
-0.458
-0.414
-0.440
-0.441
-0.445
-0.473
-0.495
-0.508
-0.470
-0.472
-0.458
-0.471
-0.436
-0.477
-0.441
-0.485
-0.485
-0.501
-0.502
-0.501
-0.478
-0.478
-0.472
-0.443
-0.464
-0.464
-0.482
-0.475
-0.442
-0.478
-0.485
-0.466
-0.477
-0.520
-0.488
-0.500
-0.519
-0.467
-0.475
-0.484
-0.491
-0.443
-0.461
-0.430
-0.466
-0.487
-0.518
-0.526
-0.478
-0.429
-0.506
-0.428
-0.457
-0.479
-0.493
-0.501
-0.515
-0.494
-0.502
-0.463
-0.487
-0.493
-0.453
-0.461
-0.481
-0.469
-0.488
-0.451
-0.453
-0.491
-0.469
-0.484
-0.485
-0.458
-0.476
-0.435
-0.466
-0.458
-0.417
-0.494
-0.473
-0.482
-0.527
-0.490
-0.465
-0.469
-0.471
-0.443
-0.467
-0.476
-0.527
-0.526
-0.464
-0.497
-0.478
-0.485
-0.471
-0.481
-0.511
-0.514
-0.519
-0.499
-0.458
-0.463
-0.475
-0.461
-0.436
-0.478
-0.525
-0.496
-0.469
-0.499
-0.491
-0.473
-0.522
-0.525
-0.489
-0.513
-0.526
-0.502
-0.485
-0.482
-0.495
-0.484
-0.503
-0.459
-0.463
-0.476
-0.470
-0.539
-0.532
-0.466
-0.463
-0.438
-0.426
-0.467
-0.484
-0.521
-0.454
-0.522
-0.509
-0.511
-0.482
-0.457
-0.515
-0.519
-0.493
-0.548
-0.507
-0.484
-0.449
-0.458
-0.449
-0.439
-0.463
-0.497
-0.502
-0.544
-0.501
-0.533
-0.564
-0.487
-0.491
-0.525
-0.485
-0.521
-0.518
-0.518
-0.544
-0.493
-0.508
-0.555
-0.530
-0.508
-0.519
-0.539
-0.556
-0.545
-0.552
-0.512
-0.525
-0.500
-0.521
-0.534
-0.489
-0.497
-0.543
-0.536
-0.567
-0.518
-0.500
-0.506
-0.449
-0.438
-0.454
-0.482
-0.481
-0.495
-0.461
-0.518
-0.490
-0.465
-0.505
-0.493
-0.470
-0.472
-0.481
-0.452
-0.420
-0.458
-0.447
-0.435
-0.465
-0.494
-0.483
-0.493
-0.476
-0.433
-0.406
-0.400
-0.368
-0.440
-0.417
-0.461
-0.471
-0.497
-0.463
-0.485
-0.469
-0.454
-0.412
-0.435
-0.460
-0.483
-0.489
-0.505
-0.549
-0.493
-0.524
-0.457
-0.517
-0.490
-0.473
-0.496
-0.526
-0.479
-0.452
-0.478
-0.495
-0.442
-0.463
-0.399
-0.451
-0.452
-0.424
-0.416
-0.466
-0.442
-0.410
-0.408
-0.471
-0.416
-0.409
-0.427
-0.409
-0.417
-0.423
-0.434
-0.473
-0.464
-0.485
-0.470
-0.472
-0.433
-0.429
-0.392
-0.417
-0.393
-0.391
-0.414
-0.405
-0.426
-0.436
-0.463
-0.434
-0.460
-0.452
-0.440
-0.421
-0.406
-0.443
-0.436
-0.405
-0.430
-0.495
-0.433
-0.493
-0.448
-0.448
-0.481
-0.477
-0.463
-0.448
-0.455
-0.429
-0.461
-0.479
-0.481
-0.494
-0.457
-0.520
-0.455
-0.482
-0.472
-0.490
-0.488
-0.420
-0.469
-0.485
-0.518
-0.482
-0.455
-0.503
-0.503
-0.426
-0.436
-0.435
-0.409
-0.414
-0.455
-0.439
-0.460
-0.465
-0.491
-0.464
-0.446
-0.427
-0.464
-0.411
-0.415
-0.430
-0.435
-0.424
-0.411
-0.438
-0.417
-0.387
-0.398
-0.440
-0.448
-0.438
-0.466
-0.497
-0.457
-0.483
-0.473
-0.455
-0.491
-0.473
-0.485
-0.487
-0.433
-0.488
-0.458
-0.473
-0.490
-0.485
-0.513
-0.549
-0.525
-0.503
-0.507
-0.501
-0.475
-0.469
-0.502
-0.524
-0.464
-0.491
-0.475
-0.508
-0.490
-0.463
-0.508
-0.489
-0.490
-0.528
-0.500
-0.501
-0.508
-0.477
-0.501
-0.459
-0.502
-0.470
-0.552
-0.496
-0.479
-0.552
-0.533
-0.497
-0.441
-0.503
-0.478
-0.488
-0.496
-0.454
-0.472
-0.506
-0.442
-0.476
-0.526
-0.479
-0.503
-0.526
-0.508
-0.537
-0.499
-0.454
-0.470
-0.482
-0.455
-0.518
-0.482
-0.484
-0.475
-0.515
-0.502
-0.502
-0.460
-0.501
-0.470
-0.432
-0.479
-0.482
-0.496
-0.478
-0.524
-0.501
-0.496
-0.509
-0.520
-0.485
-0.469
-0.438
-0.489
-0.451
-0.412
-0.432
-0.472
-0.459
-0.461
-0.465
-0.530
-0.447
-0.483
-0.478
-0.489
-0.448
-0.459
-0.482
-0.506
-0.503
-0.465
-0.471
-0.507
-0.471
-0.434
-0.478
-0.464
-0.420
-0.458
-0.457
-0.463
-0.435
-0.442
-0.464
-0.470
-0.467
-0.499
-0.501
-0.473
-0.460
-0.482
-0.500
-0.466
-0.445
-0.507
-0.478
-0.463
-0.470
-0.430
-0.463
-0.458
-0.430
-0.466
-0.447
-0.458
-0.448
-0.463
-0.439
-0.469
-0.447
-0.496
-0.491
-0.470
-0.454
-0.452
-0.467
-0.434
-0.443
-0.479
-0.473
-0.455
-0.499
-0.521
-0.495
-0.493
-0.506
-0.481
-0.455
-0.460
-0.467
-0.481
-0.493
-0.455
-0.507
-0.479
-0.463
-0.477
-0.463
-0.410
-0.479
-0.454
-0.464
-0.508
-0.459
-0.457
-0.472
-0.500
-0.460
-0.472
-0.470
-0.452
-0.427
-0.473
-0.464
-0.439
-0.421
-0.460
-0.459
-0.473
-0.476
-0.471
-0.489
-0.448
-0.463
-0.485
-0.420
-0.479
-0.454
-0.436
-0.472
-0.438
-0.455
-0.454
-0.461
-0.458
-0.470
-0.484
-0.454
-0.466
-0.447
-0.423
-0.357
-0.429
-0.432
-0.452
-0.429
-0.459
-0.448
-0.433
-0.458
-0.454
-0.457
-0.489
-0.493
-0.471
-0.428
-0.465
-0.451
-0.478
-0.495
-0.471
-0.485
-0.453
-0.470
-0.441
-0.429
-0.477
-0.478
-0.465
-0.499
-0.540
-0.513
-0.539
-0.501
-0.490
-0.458
-0.439
-0.470
-0.469
-0.473
-0.485
-0.461
-0.526
-0.465
-0.495
-0.469
-0.467
-0.469
-0.449
-0.469
-0.485
-0.490
-0.487
-0.497
-0.472
-0.441
-0.471
-0.417
-0.491
-0.503
-0.488
-0.485
-0.518
-0.512
-0.475
-0.465
-0.502
-0.481
-0.477
-0.448
-0.440
-0.438
-0.406
-0.452
-0.488
-0.524
-0.488
-0.503
-0.531
-0.513
-0.470
-0.472
-0.477
-0.467
-0.448
-0.484
-0.537
-0.484
-0.502
-0.481
-0.499
-0.479
-0.467
-0.469
-0.477
-0.465
-0.489
-0.514
-0.514
-0.496
-0.493
-0.507
-0.475
-0.429
-0.435
-0.411
-0.434
-0.429
-0.461
-0.465
-0.470
-0.519
-0.457
-0.532
-0.481
-0.533
-0.445
-0.438
-0.434
-0.457
-0.483
-0.483
-0.484
-0.501
-0.502
-0.479
-0.451
-0.438
-0.467
-0.496
-0.477
-0.465
-0.491
-0.499
-0.482
-0.483
-0.494
-0.465
-0.478
-0.448
-0.414
-0.475
-0.448
-0.453
-0.490
-0.500
-0.496
-0.527
-0.518
-0.470
-0.512
-0.472
-0.517
-0.460
-0.465
-0.454
-0.478
-0.445
-0.454
-0.483
-0.469
-0.518
-0.497
-0.458
-0.467
-0.441
-0.429
-0.422
-0.430
-0.452
-0.488
-0.479
-0.478
-0.440
-0.414
-0.435
-0.479
-0.477
-0.453
-0.521
-0.466
-0.506
-0.471
-0.458
-0.454
-0.426
-0.470
-0.449
-0.454
-0.475
-0.420
-0.467
-0.499
-0.399
-0.440
-0.442
-0.443
-0.427
-0.412
-0.448
-0.414
-0.454
-0.422
-0.426
-0.421
-0.465
-0.414
-0.454
-0.436
-0.434
-0.422
-0.464
-0.476
-0.410
-0.432
-0.432
-0.443
-0.435
-0.429
-0.454
-0.476
-0.484
-0.467
-0.482
-0.470
-0.445
-0.491
-0.472
-0.458
-0.465
-0.472
-0.469
-0.463
-0.438
-0.457
-0.446
-0.443
-0.441
-0.465
-0.470
-0.439
-0.442
-0.442
-0.472
-0.441
-0.421
-0.451
-0.447
-0.439
-0.453
-0.449
-0.421
-0.441
-0.429
-0.475
-0.459
-0.434
-0.448
-0.446
-0.432
-0.408
-0.442
-0.457
-0.422
-0.465
-0.493
-0.464
-0.496
-0.485
-0.469
-0.464
-0.446
-0.452
-0.430
-0.453
-0.457
-0.447
-0.461
-0.440
-0.449
-0.445
-0.427
-0.457
-0.508
-0.464
-0.427
-0.452
-0.441
-0.457
-0.449
-0.436
-0.508
-0.466
-0.496
-0.467
-0.457
-0.461
-0.441
-0.446
-0.453
-0.470
-0.470
-0.485
-0.435
-0.432
-0.416
-0.446
-0.454
-0.439
-0.433
-0.466
-0.482
-0.448
-0.494
-0.479
-0.441
-0.452
-0.442
-0.424
-0.434
-0.449
-0.463
-0.489
-0.473
-0.470
-0.455
-0.458
-0.426
-0.427
-0.428
-0.422
-0.418
-0.441
-0.443
-0.466
-0.487
-0.473
-0.461
-0.457
-0.380
-0.402
-0.418
-0.414
-0.390
-0.418
-0.484
-0.482
-0.469
-0.423
-0.439
-0.435
-0.387
-0.364
-0.396
-0.388
-0.375
-0.378
-0.416
-0.392
-0.400
-0.376
-0.410
-0.442
-0.418
-0.483
-0.435
-0.443
-0.412
-0.409
-0.403
-0.429
-0.427
-0.479
-0.482
-0.458
-0.453
-0.412
-0.421
-0.423
-0.435
-0.404
-0.464
-0.402
-0.436
-0.414
-0.459
-0.477
-0.418
-0.430
-0.435
-0.435
-0.433
-0.416
-0.453
-0.424
-0.380
-0.426
-0.405
-0.400
-0.384
-0.421
-0.430
-0.447
-0.475
-0.416
-0.417
-0.397
-0.341
-0.356
-0.414
-0.408
-0.438
-0.420
-0.479
-0.443
-0.408
-0.449
-0.406
-0.433
-0.390
-0.439
-0.455
-0.483
-0.440
-0.439
-0.446
-0.438
-0.414
-0.452
-0.424
-0.463
-0.481
-0.465
-0.489
-0.406
-0.424
-0.415
-0.399
-0.434
-0.452
-0.459
-0.464
-0.499
-0.483
-0.488
-0.487
-0.445
-0.424
-0.424
-0.418
-0.429
-0.441
-0.429
-0.469
-0.466
-0.475
-0.452
-0.484
-0.470
-0.488
-0.443
-0.488
-0.455
-0.447
-0.465
-0.449
-0.473
-0.416
-0.432
-0.451
-0.432
-0.435
-0.455
-0.505
-0.488
-0.451
-0.467
-0.481
-0.485
-0.432
-0.422
-0.435
-0.427
-0.427
-0.429
-0.463
-0.477
-0.487
-0.461
-0.454
-0.482
-0.454
-0.453
-0.446
-0.454
-0.429
-0.460
-0.477
-0.470
-0.463
-0.476
-0.452
-0.459
-0.481
-0.465
-0.475
-0.489
-0.475
-0.493
-0.461
-0.442
-0.422
-0.460
-0.448
-0.433
-0.436
-0.416
-0.452
-0.446
-0.445
-0.464
-0.447
-0.461
-0.453
-0.421
-0.409
-0.411
-0.432
-0.463
-0.433
-0.466
-0.465
-0.464
-0.459
-0.452
-0.403
-0.429
-0.447
-0.435
-0.451
-0.470
-0.435
-0.484
-0.440
-0.461
-0.454
-0.441
-0.385
-0.451
-0.440
-0.429
-0.478
-0.484
-0.435
-0.442
-0.420
-0.451
-0.463
-0.418
-0.420
-0.432
-0.439
-0.458
-0.415
-0.408
-0.436
-0.410
-0.424
-0.446
-0.476
-0.459
-0.447
-0.441
-0.414
-0.405
-0.428
-0.432
-0.430
-0.451
-0.436
-0.438
-0.441
-0.460
-0.434
-0.438
-0.455
-0.443
-0.390
-0.397
-0.410
-0.442
-0.422
-0.455
-0.418
-0.441
-0.426
-0.394
-0.409
-0.440
-0.426
-0.404
-0.446
-0.423
-0.427
-0.454
-0.479
-0.396
-0.439
-0.393
-0.440
-0.460
-0.429
-0.447
-0.427
-0.441
-0.440
-0.421
-0.448
-0.458
-0.428
-0.423
-0.455
-0.479
-0.436
-0.438
-0.429
-0.452
-0.434
-0.453
-0.427
-0.441
-0.443
-0.432
-0.453
-0.447
-0.423
-0.411
-0.458
-0.409
-0.415
-0.384
-0.426
-0.440
-0.397
-0.427
-0.415
-0.423
-0.429
-0.442
-0.507
-0.436
-0.423
-0.493
-0.415
-0.428
-0.399
-0.443
-0.459
-0.427
-0.429
-0.449
-0.453
-0.448
-0.467
-0.435
-0.439
-0.451
-0.449
-0.452
-0.427
-0.442
-0.464
-0.430
-0.471
-0.438
-0.471
-0.463
-0.459
-0.472
-0.452
-0.417
-0.463
-0.428
-0.428
-0.375
-0.418
-0.434
-0.451
-0.455
-0.476
-0.467
-0.470
-0.435
-0.441
-0.461
-0.418
-0.438
-0.482
-0.441
-0.446
-0.457
-0.476
-0.491
-0.435
-0.445
-0.429
-0.452
-0.449
-0.435
-0.443
-0.434
-0.470
-0.442
-0.473
-0.460
-0.429
-0.447
-0.445
-0.470
-0.411
-0.443
-0.432
-0.473
-0.417
-0.459
-0.476
-0.487
-0.476
-0.433
-0.479
-0.482
-0.435
-0.457
-0.472
-0.473
-0.454
-0.452
-0.470
-0.445
-0.469
-0.465
-0.466
-0.449
-0.488
-0.458
-0.449
-0.388
-0.393
-0.426
-0.483
-0.466
-0.493
-0.458
-0.475
-0.449
-0.435
-0.449
-0.457
-0.445
-0.484
-0.429
-0.448
-0.454
-0.439
-0.484
-0.453
-0.478
-0.453
-0.446
-0.485
-0.475
-0.424
-0.449
-0.490
-0.517
-0.453
-0.503
-0.470
-0.473
-0.478
-0.442
-0.427
-0.432
-0.457
-0.449
-0.466
-0.487
-0.491
-0.461
-0.467
-0.471
-0.422
-0.422
-0.465
-0.449
-0.463
-0.418
-0.439
-0.470
-0.451
-0.404
-0.439
-0.454
-0.460
-0.429
-0.460
-0.483
-0.406
-0.414
-0.443
-0.436
-0.452
-0.472
-0.465
-0.479
-0.436
-0.465
-0.429
-0.455
-0.481
-0.497
-0.424
-0.477
-0.463
-0.418
-0.429
-0.427
-0.418
-0.429
-0.459
-0.465
-0.445
-0.487
-0.491
-0.447
-0.442
-0.415
-0.406
-0.406
-0.436
-0.426
-0.436
-0.448
-0.440
-0.427
-0.408
-0.416
-0.455
-0.434
-0.423
-0.410
-0.411
-0.412
-0.441
-0.432
-0.446
-0.440
-0.461
-0.451
-0.460
-0.417
-0.453
-0.442
-0.422
-0.427
-0.441
-0.433
-0.508
-0.433
-0.435
-0.409
-0.415
-0.426
-0.448
-0.380
-0.397
-0.449
-0.402
-0.454
-0.434
-0.465
-0.490
-0.426
-0.448
-0.457
-0.452
-0.453
-0.458
-0.479
-0.441
-0.422
-0.449
-0.471
-0.417
-0.420
-0.427
-0.453
-0.443
-0.435
-0.461
-0.458
-0.441
-0.411
-0.404
-0.403
-0.472
-0.432
-0.460
-0.460
-0.455
-0.454
-0.434
-0.429
-0.400
-0.423
-0.448
-0.420
-0.416
-0.403
-0.426
-0.453
-0.453
-0.418
-0.408
-0.405
-0.392
-0.426
-0.417
-0.436
-0.459
-0.447
-0.484
-0.434
-0.469
-0.435
-0.404
-0.441
-0.461
-0.447
-0.429
-0.430
-0.458
-0.438
-0.435
-0.417
-0.453
-0.392
-0.405
-0.454
-0.385
-0.422
-0.441
-0.461
-0.481
-0.482
-0.441
-0.467
-0.405
-0.443
-0.421
-0.442
-0.436
-0.438
-0.418
-0.427
-0.469
-0.438
-0.421
-0.424
-0.424
-0.434
-0.415
-0.429
-0.411
-0.424
-0.423
-0.445
-0.464
-0.457
-0.461
-0.472
-0.441
-0.489
-0.400
-0.405
-0.434
-0.403
-0.418
-0.411
-0.476
-0.459
-0.415
-0.418
-0.447
-0.461
-0.445
-0.449
-0.449
-0.415
-0.417
-0.466
-0.451
-0.445
-0.470
-0.478
-0.478
-0.434
-0.470
-0.470
-0.446
-0.452
-0.427
-0.396
-0.440
-0.470
-0.476
-0.463
-0.439
-0.454
-0.418
-0.459
-0.455
-0.423
-0.471
-0.439
-0.430
-0.454
-0.446
-0.438
-0.434
-0.404
-0.438
-0.430
-0.426
-0.415
-0.459
-0.443
-0.406
-0.458
-0.441
-0.403
-0.386
-0.455
-0.491
-0.402
-0.416
-0.418
-0.454
-0.422
-0.433
-0.463
-0.453
-0.469
-0.446
-0.461
-0.452
-0.411
-0.426
-0.405
-0.434
-0.446
-0.435
-0.463
-0.465
-0.441
-0.470
-0.447
-0.427
-0.447
-0.421
-0.430
-0.457
-0.441
-0.428
-0.445
-0.466
-0.451
-0.460
-0.471
-0.424
-0.440
-0.418
-0.427
-0.428
-0.424
-0.463
-0.477
-0.477
-0.463
-0.465
-0.452
-0.458
-0.481
-0.428
-0.449
-0.473
-0.471
-0.461
-0.469
-0.457
-0.439
-0.439
-0.451
-0.443
-0.415
-0.466
-0.458
-0.463
-0.495
-0.501
-0.448
-0.464
-0.446
-0.451
-0.442
-0.484
-0.482
-0.478
-0.478
-0.404
-0.497
-0.476
-0.502
-0.445
-0.451
-0.422
-0.454
-0.463
-0.470
-0.483
-0.475
-0.436
-0.493
-0.488
-0.482
-0.460
-0.490
-0.470
-0.452
-0.463
-0.479
-0.491
-0.465
-0.448
-0.432
-0.441
-0.499
-0.476
-0.464
-0.441
-0.500
-0.470
-0.428
-0.445
-0.471
-0.465
-0.459
-0.495
-0.457
-0.439
-0.443
-0.449
-0.471
-0.476
-0.443
-0.476
-0.472
-0.451
-0.470
-0.447
-0.439
-0.477
-0.434
-0.424
-0.493
-0.487
-0.479
-0.512
-0.477
-0.501
-0.464
-0.435
-0.458
-0.484
-0.423
-0.467
-0.482
-0.443
-0.470
-0.475
-0.467
-0.466
-0.466
-0.452
-0.423
-0.445
-0.392
-0.436
-0.440
-0.471
-0.453
-0.482
-0.465
-0.500
-0.473
-0.478
-0.470
-0.426
-0.511
-0.496
-0.491
-0.461
-0.461
-0.485
-0.455
-0.455
-0.439
-0.441
-0.434
-0.460
-0.459
-0.451
-0.445
-0.432
-0.455
-0.434
-0.463
-0.464
-0.470
-0.411
-0.443
-0.469
-0.453
-0.445
-0.445
-0.459
-0.472
-0.453
-0.472
-0.487
-0.430
-0.457
-0.442
-0.422
-0.436
-0.449
-0.424
-0.435
-0.461
-0.459
-0.448
-0.455
-0.458
-0.453
-0.441
-0.466
-0.448
-0.484
-0.446
-0.464
-0.481
-0.461
-0.463
-0.440
-0.418
-0.433
-0.418
-0.455
-0.440
-0.466
-0.426
-0.445
-0.408
-0.449
-0.441
-0.460
-0.432
-0.433
-0.497
-0.479
-0.452
-0.475
-0.449
-0.460
-0.449
-0.448
-0.457
-0.423
-0.449
-0.482
-0.527
-0.455
-0.440
-0.483
-0.445
-0.392
-0.376
-0.411
-0.458
-0.470
-0.457
-0.488
-0.479
-0.443
-0.458
-0.423
-0.424
-0.443
-0.423
-0.429
-0.482
-0.481
-0.469
-0.452
-0.471
-0.484
-0.454
-0.435
-0.466
-0.459
-0.424
-0.470
-0.467
-0.507
-0.477
-0.476
-0.439
-0.499
-0.476
-0.489
-0.478
-0.482
-0.489
-0.451
-0.484
-0.454
-0.470
-0.426
-0.458
-0.471
-0.459
-0.430
-0.446
-0.487
-0.509
-0.473
-0.441
-0.476
-0.426
-0.441
-0.436
-0.457
-0.484
-0.445
-0.473
-0.466
-0.478
-0.484
-0.478
-0.466
-0.452
-0.400
-0.465
-0.445
-0.488
-0.469
-0.464
-0.475
-0.465
-0.466
-0.475
-0.491
-0.465
-0.458
-0.429
-0.445
-0.458
-0.482
-0.453
-0.485
-0.484
-0.483
-0.446
-0.481
-0.447
-0.421
-0.453
-0.418
-0.467
-0.465
-0.469
-0.460
-0.473
-0.495
-0.490
-0.479
-0.500
-0.473
-0.488
-0.440
-0.451
-0.473
-0.460
-0.495
-0.478
-0.501
-0.517
-0.475
-0.478
-0.438
-0.455
-0.453
-0.457
-0.458
-0.503
-0.461
-0.473
-0.482
-0.482
-0.447
-0.449
-0.445
-0.420
-0.452
-0.449
-0.451
-0.441
-0.539
-0.493
-0.441
-0.448
-0.435
-0.453
-0.453
-0.438
-0.464
-0.445
-0.464
-0.471
-0.476
-0.424
-0.430
-0.452
-0.494
-0.463
-0.460
-0.473
-0.451
-0.452
-0.465
-0.435
-0.467
-0.489
-0.460
-0.423
-0.469
-0.415
-0.435
-0.435
-0.440
-0.491
-0.469
-0.481
-0.457
-0.497
-0.458
-0.463
-0.464
-0.500
-0.473
-0.454
-0.414
-0.460
-0.460
-0.483
-0.488
-0.460
-0.479
-0.506
-0.467
-0.400
-0.447
-0.427
-0.447
-0.447
-0.479
-0.485
-0.455
-0.481
-0.512
-0.453
-0.418
-0.451
-0.472
-0.423
-0.423
-0.446
-0.443
-0.382
-0.435
-0.418
-0.433
-0.433
-0.424
-0.457
-0.469
-0.457
-0.487
-0.447
-0.465
-0.447
-0.473
-0.459
-0.458
-0.499
-0.470
-0.476
-0.427
-0.455
-0.470
-0.470
-0.447
-0.435
-0.440
-0.465
-0.463
-0.466
-0.484
-0.460
-0.398
-0.442
-0.440
-0.422
-0.464
-0.430
-0.455
-0.453
-0.436
-0.455
-0.426
-0.404
-0.453
-0.374
-0.421
-0.459
-0.423
-0.438
-0.464
-0.449
-0.427
-0.453
-0.373
-0.440
-0.428
-0.452
-0.424
-0.467
-0.470
-0.414
-0.449
-0.446
-0.414
-0.422
-0.394
-0.412
-0.429
-0.484
-0.420
-0.440
-0.469
-0.418
-0.404
-0.378
-0.449
-0.427
-0.423
-0.426
-0.430
-0.465
-0.469
-0.477
-0.461
-0.423
-0.459
-0.427
-0.422
-0.460
-0.453
-0.434
-0.440
-0.481
-0.433
-0.442
-0.461
-0.445
-0.448
-0.463
-0.489
-0.487
-0.454
-0.423
-0.403
-0.445
-0.463
-0.440
-0.484
-0.477
-0.476
-0.406
-0.438
-0.436
-0.426
-0.461
-0.417
-0.455
-0.458
-0.464
-0.453
-0.440
-0.445
-0.435
-0.439
-0.390
-0.488
-0.478
-0.473
-0.505
-0.455
-0.464
-0.423
-0.438
-0.370
-0.418
-0.440
-0.430
-0.461
-0.483
-0.489
-0.470
-0.483
-0.453
-0.469
-0.447
-0.432
-0.421
-0.426
-0.429
-0.454
-0.476
-0.461
-0.422
-0.470
-0.436
-0.420
-0.422
-0.399
-0.430
-0.447
-0.457
-0.445
-0.472
-0.491
-0.497
-0.436
-0.460
-0.446
-0.472
-0.433
-0.447
-0.458
-0.449
-0.457
-0.451
-0.470
-0.478
-0.469
-0.477
-0.448
-0.478
-0.435
-0.475
-0.417
-0.457
-0.459
-0.420
-0.470
-0.475
-0.438
-0.483
-0.482
-0.485
-0.478
-0.458
-0.449
-0.457
-0.449
-0.465
-0.475
-0.454
-0.463
-0.488
-0.481
-0.446
-0.465
-0.436
-0.457
-0.458
-0.503
-0.488
-0.502
-0.469
-0.451
-0.459
-0.463
-0.487
-0.467
-0.469
-0.467
-0.439
-0.463
-0.451
-0.471
-0.457
-0.481
-0.476
-0.466
-0.475
-0.432
-0.434
-0.439
-0.482
-0.434
-0.424
-0.465
-0.430
-0.409
-0.502
-0.454
-0.445
-0.459
-0.481
-0.482
-0.476
-0.500
-0.428
-0.440
-0.454
-0.452
-0.409
-0.411
-0.483
-0.465
-0.454
-0.458
-0.491
-0.491
-0.495
-0.446
-0.447
-0.461
-0.424
-0.426
-0.464
-0.469
-0.459
-0.471
-0.440
-0.403
-0.423
-0.432
-0.452
-0.453
-0.461
-0.478
-0.422
-0.430
-0.443
-0.478
-0.442
-0.454
-0.441
-0.420
-0.458
-0.511
-0.482
-0.472
-0.511
-0.457
-0.476
-0.467
-0.447
-0.400
-0.458
-0.471
-0.393
-0.414
-0.490
-0.459
-0.452
-0.460
-0.440
-0.424
-0.400
-0.398
-0.423
-0.478
-0.471
-0.449
-0.415
-0.438
-0.421
-0.387
-0.393
-0.429
-0.428
-0.412
-0.457
-0.440
-0.429
-0.403
-0.433
-0.433
-0.453
-0.452
-0.423
-0.428
-0.410
-0.445
-0.484
-0.465
-0.489
-0.445
-0.420
-0.445
-0.477
-0.422
-0.447
-0.457
-0.487
-0.446
-0.455
-0.418
-0.472
-0.435
-0.447
-0.414
-0.452
-0.460
-0.430
-0.434
-0.466
-0.472
-0.430
-0.376
-0.433
-0.429
-0.443
-0.427
-0.470
-0.421
-0.469
-0.466
-0.432
-0.469
-0.457
-0.439
-0.436
-0.460
-0.494
-0.451
-0.460
-0.443
-0.478
-0.458
-0.473
-0.405
-0.421
-0.447
-0.471
-0.449
-0.459
-0.485
-0.484
-0.491
-0.432
-0.452
-0.451
-0.422
-0.458
-0.451
-0.477
-0.466
-0.479
-0.473
-0.448
-0.418
-0.408
-0.457
-0.455
-0.483
-0.451
-0.483
-0.454
-0.487
-0.459
-0.448
-0.483
-0.460
-0.459
-0.479
-0.449
-0.461
-0.418
-0.483
-0.463
-0.482
-0.476
-0.460
-0.501
-0.500
-0.457
-0.451
-0.457
-0.429
-0.443
-0.440
-0.488
-0.466
-0.471
-0.449
-0.459
-0.461
-0.455
-0.449
-0.406
-0.461
-0.460
-0.488
-0.508
-0.477
-0.475
-0.466
-0.453
-0.459
-0.503
-0.483
-0.459
-0.471
-0.439
-0.490
-0.509
-0.447
-0.451
-0.460
-0.481
-0.443
-0.509
-0.507
-0.521
-0.527
-0.502
-0.489
-0.455
-0.465
-0.479
-0.483
-0.483
-0.497
-0.454
-0.482
-0.458
-0.442
-0.463
-0.443
-0.458
-0.460
-0.418
-0.435
-0.485
-0.459
-0.470
-0.455
-0.438
-0.490
-0.449
-0.446
-0.458
-0.476
-0.481
-0.469
-0.457
-0.446
-0.478
-0.446
-0.454
-0.443
-0.469
-0.477
-0.452
-0.469
-0.464
-0.428
-0.441
-0.471
-0.473
-0.440
-0.428
-0.428
-0.463
-0.491
-0.460
-0.430
-0.448
-0.453
-0.430
-0.438
-0.454
-0.467
-0.488
-0.476
-0.490
-0.455
-0.478
-0.485
-0.467
-0.463
-0.476
-0.459
-0.455
-0.442
-0.490
-0.511
-0.438
-0.455
-0.469
-0.470
-0.421
-0.452
-0.471
-0.452
-0.445
-0.434
-0.424
-0.454
-0.452
-0.430
-0.459
-0.473
-0.511
-0.463
-0.435
-0.451
-0.446
-0.461
-0.458
-0.493
-0.477
-0.485
-0.460
-0.524
-0.513
-0.459
-0.459
-0.457
-0.463
-0.511
-0.481
-0.494
-0.514
-0.506
-0.509
-0.484
-0.505
-0.469
-0.482
-0.453
-0.454
-0.434
-0.495
-0.440
-0.443
-0.463
-0.465
-0.438
-0.432
-0.475
-0.443
-0.455
-0.460
-0.458
-0.479
-0.482
-0.457
-0.476
-0.479
-0.441
-0.464
-0.439
-0.449
-0.434
-0.428
-0.478
-0.476
-0.466
-0.490
-0.448
-0.446
-0.478
-0.475
-0.463
-0.441
-0.465
-0.502
-0.489
-0.518
-0.562
-0.539
-0.499
-0.440
-0.439
-0.376
-0.408
-0.432
-0.447
-0.478
-0.479
-0.493
-0.478
-0.483
-0.424
-0.406
-0.393
-0.427
-0.473
-0.525
-0.495
-0.493
-0.490
-0.503
-0.458
-0.436
-0.497
-0.497
-0.487
-0.499
-0.502
-0.513
-0.499
-0.488
-0.429
-0.434
-0.397
-0.385
-0.380
-0.415
-0.385
-0.442
-0.436
-0.465
-0.463
-0.479
-0.478
-0.426
-0.435
-0.428
-0.441
-0.403
-0.429
-0.424
-0.426
-0.429
-0.475
-0.466
-0.452
-0.441
-0.443
-0.447
-0.457
-0.417
-0.442
-0.409
-0.465
-0.439
-0.457
-0.479
-0.470
-0.403
-0.434
-0.439
-0.430
-0.434
-0.469
-0.410
-0.448
-0.393
-0.443
-0.443
-0.392
-0.442
-0.436
-0.464
-0.412
-0.449
-0.479
-0.424
-0.428
-0.507
-0.451
-0.463
-0.466
-0.451
-0.399
-0.406
-0.387
-0.415
-0.441
-0.452
-0.434
-0.443
-0.412
-0.396
-0.435
-0.398
-0.412
-0.400
-0.438
-0.399
-0.453
-0.439
-0.466
-0.466
-0.432
-0.469
-0.423
-0.473
-0.464
-0.438
-0.440
-0.455
-0.449
-0.478
-0.458
-0.495
-0.467
-0.446
-0.483
-0.491
-0.448
-0.440
-0.496
-0.433
-0.483
-0.442
-0.487
-0.482
-0.443
-0.440
-0.436
-0.465
-0.458
-0.458
-0.463
-0.463
-0.507
-0.506
-0.476
-0.511
-0.470
-0.461
-0.483
-0.465
-0.491
-0.511
-0.473
-0.484
-0.482
-0.473
-0.490
-0.469
-0.489
-0.527
-0.471
-0.466
-0.494
-0.495
-0.499
-0.459
-0.490
-0.481
-0.495
-0.454
-0.448
-0.447
-0.471
-0.465
-0.435
-0.497
-0.449
-0.457
-0.457
-0.471
-0.472
-0.490
-0.481
-0.455
-0.488
-0.481
-0.502
-0.502
-0.495
-0.502
-0.524
-0.508
-0.503
-0.490
-0.475
-0.472
-0.445
-0.434
-0.505
-0.479
-0.479
-0.494
-0.487
-0.519
-0.479
-0.526
-0.531
-0.515
-0.503
-0.460
-0.460
-0.509
-0.476
-0.490
-0.488
-0.485
-0.466
-0.467
-0.461
-0.464
-0.473
-0.467
-0.473
-0.519
-0.467
-0.484
-0.508
-0.502
-0.490
-0.522
-0.484
-0.453
-0.455
-0.449
-0.459
-0.491
-0.464
-0.531
-0.479
-0.453
-0.452
-0.426
-0.469
-0.485
-0.479
-0.439
-0.470
-0.495
-0.463
-0.451
-0.489
-0.455
-0.453
-0.454
-0.453
-0.424
-0.424
-0.436
-0.440
-0.472
-0.471
-0.454
-0.421
-0.420
-0.473
-0.453
-0.465
-0.484
-0.483
-0.473
-0.457
-0.469
-0.484
-0.458
-0.466
-0.459
-0.481
-0.448
-0.481
-0.452
-0.404
-0.440
-0.409
-0.432
-0.479
-0.482
-0.418
-0.452
-0.470
-0.421
-0.490
-0.520
-0.464
-0.489
-0.483
-0.490
-0.506
-0.475
-0.472
-0.422
-0.452
-0.429
-0.481
-0.453
-0.464
-0.471
-0.513
-0.489
-0.433
-0.429
-0.435
-0.447
-0.428
-0.463
-0.484
-0.524
-0.472
-0.481
-0.488
-0.532
-0.556
-0.511
-0.447
-0.433
-0.447
-0.443
-0.404
-0.423
-0.426
-0.460
-0.470
-0.475
-0.454
-0.502
-0.427
-0.442
-0.440
-0.420
-0.466
-0.402
-0.440
-0.484
-0.479
-0.478
-0.501
-0.483
-0.451
-0.440
-0.445
-0.454
-0.440
-0.400
-0.394
-0.440
-0.435
-0.427
-0.454
-0.446
-0.454
-0.426
-0.466
-0.471
-0.459
-0.469
-0.493
-0.505
-0.467
-0.501
-0.515
-0.472
-0.489
-0.479
-0.460
-0.451
-0.459
-0.502
-0.514
-0.490
-0.445
-0.447
-0.439
-0.420
-0.434
-0.424
-0.496
-0.491
-0.524
-0.505
-0.471
-0.500
-0.502
-0.497
-0.467
-0.470
-0.477
-0.467
-0.420
-0.397
-0.404
-0.396
-0.471
-0.473
-0.519
-0.528
-0.508
-0.507
-0.460
-0.424
-0.426
-0.438
-0.451
-0.476
-0.463
-0.502
-0.521
-0.551
-0.551
-0.508
-0.469
-0.453
-0.430
-0.439
-0.396
-0.426
-0.479
-0.500
-0.466
-0.524
-0.463
-0.463
-0.472
-0.481
-0.453
-0.442
-0.423
-0.465
-0.454
-0.494
-0.519
-0.502
-0.500
-0.446
-0.478
-0.454
-0.478
-0.452
-0.485
-0.453
-0.415
-0.460
-0.394
-0.435
-0.454
-0.463
-0.469
-0.458
-0.487
-0.452
-0.435
-0.441
-0.429
-0.449
-0.412
-0.438
-0.440
-0.443
-0.441
-0.453
-0.441
-0.410
-0.417
-0.438
-0.418
-0.485
-0.494
-0.489
-0.478
-0.467
-0.477
-0.447
-0.467
-0.463
-0.466
-0.458
-0.470
-0.521
-0.524
-0.447
-0.387
-0.436
-0.424
-0.402
-0.427
-0.506
-0.457
-0.527
-0.481
-0.518
-0.483
-0.460
-0.495
-0.471
-0.524
-0.526
-0.483
-0.470
-0.485
-0.452
-0.502
-0.465
-0.466
-0.445
-0.435
-0.452
-0.469
-0.484
-0.484
-0.463
-0.460
-0.460
-0.500
-0.500
-0.483
-0.435
-0.465
-0.446
-0.452
-0.453
-0.453
-0.502
-0.484
-0.496
-0.482
-0.438
-0.489
-0.428
-0.402
-0.469
-0.440
-0.427
-0.417
-0.453
-0.460
-0.467
-0.442
-0.460
-0.463
-0.488
-0.465
-0.471
-0.483
-0.490
-0.487
-0.483
-0.464
-0.463
-0.449
-0.426
-0.420
-0.466
-0.470
-0.447
-0.452
-0.464
-0.406
-0.417
-0.423
-0.414
-0.435
-0.449
-0.427
-0.408
-0.459
-0.459
-0.457
-0.484
-0.493
-0.455
-0.426
-0.430
-0.435
-0.470
-0.420
-0.446
-0.420
-0.463
-0.452
-0.493
-0.442
-0.436
-0.435
-0.476
-0.454
-0.428
-0.460
-0.447
-0.439
-0.465
-0.454
-0.470
-0.464
-0.506
-0.449
-0.454
-0.449
-0.461
-0.454
-0.485
-0.461
-0.463
-0.457
-0.436
-0.477
-0.508
-0.484
-0.461
-0.477
-0.503
-0.460
-0.445
-0.495
-0.479
-0.461
-0.495
-0.459
-0.475
-0.485
-0.512
-0.461
-0.472
-0.453
-0.467
-0.467
-0.465
-0.514
-0.509
-0.509
-0.499
-0.505
-0.496
-0.490
-0.489
-0.436
-0.458
-0.448
-0.434
-0.479
-0.481
-0.500
-0.511
-0.507
-0.500
-0.517
-0.527
-0.454
-0.473
-0.457
-0.434
-0.433
-0.465
-0.455
-0.481
-0.490
-0.506
-0.508
-0.460
-0.485
-0.467
-0.418
-0.457
-0.463
-0.465
-0.502
-0.483
-0.499
-0.505
-0.514
-0.493
-0.491
-0.470
-0.499
-0.443
-0.439
-0.460
-0.454
-0.443
-0.461
-0.520
-0.485
-0.503
-0.502
-0.460
-0.436
-0.460
-0.465
-0.476
-0.502
-0.466
-0.459
-0.487
-0.503
-0.501
-0.490
-0.458
-0.482
-0.491
-0.485
-0.489
-0.477
-0.465
-0.484
-0.441
-0.472
-0.476
-0.481
-0.493
-0.477
-0.487
-0.507
-0.499
-0.459
-0.496
-0.443
-0.440
-0.455
-0.459
-0.463
-0.455
-0.472
-0.459
-0.485
-0.440
-0.447
-0.430
-0.458
-0.454
-0.434
-0.440
-0.465
-0.463
-0.463
-0.433
-0.471
-0.465
-0.439
-0.449
-0.458
-0.453
-0.442
-0.428
-0.435
-0.477
-0.494
-0.493
-0.471
-0.429
-0.454
-0.467
-0.463
-0.449
-0.466
-0.454
-0.438
-0.460
-0.473
-0.525
-0.476
-0.464
-0.447
-0.438
-0.475
-0.466
-0.511
-0.515
-0.475
-0.488
-0.518
-0.509
-0.475
-0.484
-0.488
-0.500
-0.500
-0.520
-0.477
-0.513
-0.530
-0.493
-0.461
-0.481
-0.493
-0.497
-0.494
-0.440
-0.484
-0.502
-0.452
-0.464
-0.469
-0.470
-0.463
-0.467
-0.479
-0.485
-0.482
-0.515
-0.509
-0.501
-0.483
-0.482
-0.494
-0.499
-0.457
-0.493
-0.438
-0.489
-0.467
-0.484
-0.491
-0.520
-0.472
-0.485
-0.481
-0.472
-0.445
-0.487
-0.509
-0.447
-0.481
-0.506
-0.489
-0.515
-0.501
-0.463
-0.448
-0.475
-0.459
-0.489
-0.494
-0.501
-0.481
-0.514
-0.475
-0.488
-0.489
-0.471
-0.494
-0.505
-0.521
-0.481
-0.491
-0.472
-0.489
-0.455
-0.475
-0.451
-0.453
-0.521
-0.527
-0.483
-0.494
-0.482
-0.465
-0.455
-0.434
-0.442
-0.440
-0.469
-0.449
-0.483
-0.502
-0.475
-0.500
-0.487
-0.501
-0.469
-0.440
-0.443
-0.428
-0.469
-0.452
-0.448
-0.463
-0.499
-0.449
-0.448
-0.451
-0.452
-0.461
-0.459
-0.470
-0.453
-0.469
-0.463
-0.463
-0.458
-0.452
-0.475
-0.457
-0.454
-0.461
-0.478
-0.469
-0.457
-0.453
-0.441
-0.455
-0.441
-0.434
-0.466
-0.466
-0.458
-0.485
-0.493
-0.426
-0.429
-0.434
-0.443
-0.446
-0.481
-0.460
-0.460
-0.496
-0.464
-0.446
-0.445
-0.458
-0.499
-0.464
-0.455
-0.464
-0.506
-0.512
-0.509
-0.507
-0.466
-0.434
-0.438
-0.448
-0.464
-0.476
-0.494
-0.476
-0.493
-0.501
-0.506
-0.490
-0.508
-0.482
-0.488
-0.485
-0.464
-0.470
-0.487
-0.485
-0.481
-0.512
-0.502
-0.495
-0.478
-0.513
-0.512
-0.479
-0.525
-0.507
-0.476
-0.472
-0.503
-0.519
-0.530
-0.537
-0.524
-0.526
-0.472
-0.507
-0.465
-0.488
-0.512
-0.483
-0.526
-0.527
-0.507
-0.495
-0.508
-0.508
-0.506
-0.509
-0.472
-0.484
-0.526
-0.536
-0.518
-0.512
-0.552
-0.532
-0.508
-0.491
-0.487
-0.483
-0.495
-0.458
-0.525
-0.538
-0.508
-0.533
-0.511
-0.503
-0.501
-0.496
-0.538
-0.484
-0.505
-0.526
-0.506
-0.466
-0.478
-0.451
-0.488
-0.470
-0.513
-0.526
-0.511
-0.494
-0.445
-0.471
-0.422
-0.457
-0.485
-0.534
-0.507
-0.542
-0.520
-0.566
-0.503
-0.483
-0.508
-0.527
-0.453
-0.503
-0.500
-0.520
-0.448
-0.467
-0.502
-0.487
-0.518
-0.493
-0.550
-0.505
-0.461
-0.495
-0.493
-0.501
-0.518
-0.542
-0.515
-0.528
-0.500
-0.503
-0.494
-0.463
-0.460
-0.518
-0.467
-0.489
-0.527
-0.522
-0.519
-0.491
-0.470
-0.446
-0.422
-0.455
-0.443
-0.466
-0.493
-0.508
-0.520
-0.478
-0.453
-0.451
-0.454
-0.471
-0.448
-0.451
-0.421
-0.415
-0.402
-0.399
-0.451
-0.467
-0.427
-0.426
-0.376
-0.422
-0.380
-0.370
-0.394
-0.445
-0.435
-0.445
-0.420
-0.405
-0.438
-0.369
-0.402
-0.380
-0.376
-0.434
-0.453
-0.415
-0.438
-0.445
-0.434
-0.421
-0.420
-0.457
-0.397
-0.402
-0.416
-0.379
-0.411
-0.442
-0.390
-0.424
-0.421
-0.446
-0.403
-0.415
-0.441
-0.394
-0.390
-0.402
-0.417
-0.445
-0.423
-0.430
-0.412
-0.393
-0.423
-0.434
-0.422
-0.417
-0.422
-0.408
-0.465
-0.410
-0.408
-0.445
-0.418
-0.390
-0.429
-0.412
-0.388
-0.434
-0.438
-0.445
-0.376
-0.420
-0.402
-0.386
-0.351
-0.405
-0.443
-0.416
-0.429
-0.452
-0.430
-0.440
-0.411
-0.436
-0.428
-0.447
-0.464
-0.446
-0.471
-0.430
-0.399
-0.406
-0.451
-0.434
-0.415
-0.436
-0.429
-0.463
-0.488
-0.448
-0.461
-0.476
-0.430
-0.479
-0.410
-0.440
-0.443
-0.513
-0.454
-0.471
-0.490
-0.513
-0.497
-0.478
-0.469
-0.463
-0.484
-0.488
-0.479
-0.470
-0.463
-0.459
-0.501
-0.488
-0.497
-0.483
-0.473
-0.454
-0.469
-0.506
-0.501
-0.452
-0.440
-0.493
-0.509
-0.520
-0.488
-0.469
-0.490
-0.505
-0.506
-0.502
-0.481
-0.514
-0.513
-0.542
-0.522
-0.544
-0.477
-0.470
-0.497
-0.489
-0.461
-0.473
-0.499
-0.475
-0.542
-0.505
-0.514
-0.509
-0.482
-0.475
-0.481
-0.470
-0.475
-0.481
-0.493
-0.534
-0.465
-0.515
-0.542
-0.521
-0.518
-0.481
-0.464
-0.485
-0.487
-0.481
-0.566
-0.524
-0.508
-0.499
-0.503
-0.478
-0.491
-0.470
-0.438
-0.459
-0.503
-0.518
-0.533
-0.537
-0.528
-0.490
-0.479
-0.525
-0.496
-0.509
-0.489
-0.503
-0.531
-0.478
-0.487
-0.503
-0.485
-0.506
-0.511
-0.540
-0.487
-0.536
-0.528
-0.501
-0.453
-0.461
-0.506
-0.473
-0.503
-0.520
-0.530
-0.538
-0.495
-0.470
-0.471
-0.463
-0.473
-0.470
-0.490
-0.493
-0.509
-0.503
-0.481
-0.479
-0.478
-0.495
-0.490
-0.470
-0.495
-0.459
-0.503
-0.494
-0.481
-0.505
-0.476
-0.464
-0.506
-0.518
-0.519
-0.530
-0.514
-0.479
-0.507
-0.501
-0.473
-0.461
-0.500
-0.485
-0.483
-0.514
-0.453
-0.466
-0.499
-0.482
-0.436
-0.476
-0.432
-0.481
-0.525
-0.531
-0.509
-0.536
-0.530
-0.488
-0.496
-0.472
-0.493
-0.477
-0.472
-0.454
-0.443
-0.496
-0.432
-0.466
-0.432
-0.441
-0.440
-0.428
-0.440
-0.387
-0.466
-0.432
-0.447
-0.483
-0.465
-0.453
-0.454
-0.449
-0.441
-0.428
-0.412
-0.411
-0.422
-0.428
-0.412
-0.391
-0.415
-0.421
-0.424
-0.364
-0.379
-0.378
-0.416
-0.418
-0.417
-0.394
-0.375
-0.426
-0.387
-0.397
-0.433
-0.402
-0.420
-0.459
-0.387
-0.433
-0.400
-0.415
-0.385
-0.368
-0.394
-0.412
-0.443
-0.408
-0.408
-0.457
-0.453
-0.390
-0.387
-0.400
-0.397
-0.489
-0.459
-0.435
-0.412
-0.426
-0.408
-0.378
-0.379
-0.396
-0.430
-0.408
-0.472
-0.446
-0.478
-0.465
-0.460
-0.398
-0.411
-0.416
-0.404
-0.411
-0.449
-0.427
-0.501
-0.454
-0.433
-0.458
-0.454
-0.446
-0.453
-0.429
-0.408
-0.447
-0.482
-0.445
-0.502
-0.495
-0.499
-0.441
-0.478
-0.426
-0.428
-0.465
-0.420
-0.452
-0.453
-0.483
-0.447
-0.472
-0.478
-0.473
-0.511
-0.457
-0.438
-0.466
-0.491
-0.490
-0.482
-0.496
-0.512
-0.457
-0.488
-0.487
-0.467
-0.457
-0.494
-0.490
-0.489
-0.478
-0.514
-0.509
-0.485
-0.452
-0.461
-0.469
-0.436
-0.414
-0.465
-0.487
-0.478
-0.463
-0.466
-0.500
-0.443
-0.448
-0.483
-0.418
-0.438
-0.458
-0.460
-0.481
-0.485
-0.506
-0.472
-0.451
-0.477
-0.445
-0.470
-0.482
-0.446
-0.471
-0.479
-0.471
-0.451
-0.447
-0.472
-0.440
-0.435
-0.414
-0.400
-0.430
-0.420
-0.418
-0.441
-0.469
-0.466
-0.473
-0.422
-0.439
-0.443
-0.453
-0.427
-0.439
-0.416
-0.453
-0.446
-0.426
-0.467
-0.459
-0.411
-0.436
-0.435
-0.452
-0.454
-0.458
-0.441
-0.440
-0.460
-0.457
-0.429
-0.412
-0.397
-0.418
-0.430
-0.423
-0.434
-0.446
-0.423
-0.421
-0.402
-0.393
-0.366
-0.429
-0.403
-0.412
-0.411
-0.421
-0.447
-0.463
-0.447
-0.451
-0.418
-0.391
-0.387
-0.400
-0.440
-0.451
-0.467
-0.429
-0.434
-0.436
-0.400
-0.398
-0.404
-0.421
-0.447
-0.424
-0.442
-0.442
-0.435
-0.443
-0.458
-0.455
-0.471
-0.465
-0.470
-0.436
-0.453
-0.432
-0.411
-0.410
-0.447
-0.493
-0.477
-0.464
-0.479
-0.469
-0.481
-0.430
-0.411
-0.443
-0.469
-0.464
-0.513
-0.512
-0.500
-0.487
-0.476
-0.484
-0.463
-0.463
-0.455
-0.452
-0.476
-0.458
-0.490
-0.471
-0.471
-0.493
-0.463
-0.478
-0.509
-0.478
-0.493
-0.440
-0.489
-0.472
-0.472
-0.500
-0.500
-0.473
-0.464
-0.476
-0.472
-0.483
-0.471
-0.446
-0.464
-0.466
-0.476
-0.503
-0.466
-0.493
-0.477
-0.489
-0.484
-0.476
-0.430
-0.414
-0.494
-0.459
-0.470
-0.509
-0.465
-0.460
-0.465
-0.464
-0.452
-0.469
-0.463
-0.461
-0.445
-0.452
-0.442
-0.466
-0.441
-0.472
-0.461
-0.470
-0.439
-0.427
-0.454
-0.483
-0.484
-0.463
-0.477
-0.495
-0.482
-0.484
-0.414
-0.461
-0.435
-0.485
-0.483
-0.476
-0.494
-0.481
-0.500
-0.485
-0.451
-0.445
